# id	left	top	right	bottom	texture_id
[SPRITES]
#####  BIG ###############
#IDLE
11111	0	91	17	120	90
11121	505	183	522	214	90

#WALKING RIGHT
11222	487	184	506	213	90
11223	467	184	486.95	213	90

#WALKING LEFT
11212	17	91	35	120	90
11213	35	91	54	120	90

#RUNNING RIGHT
11321	409	183	430	212	90
11322	385	183	408	212	90
11323	359	183	381	212	90

#RUNNING LEFT
11311	91	91	114	120	90
11312	115	91	138	120	90
11313	139	91	164	120	90

#JUMP WALK RIGHT
11417	431	183	450	212	90
11413	70	90	91	121	90

#JUMP RUN RIGHT & LEFT
11427	331	184	354	212	90
11423	166	91	191	121	90

#SIT RIGHT & LEFT 
11521	452	193	468	212	90
11511	54	99	71	122	90

#BRACE RIGHT & LEFT 
11621	310	183	329	214	90
11611	193	89	212	122	90

#DIE
13001	305	14	324	33	90

############ SMALL ################
 #IDLE
12121	506	53	521	72	90
12111	1	15	16	32	90

#WALK RIGHT
12222	449	52	468	71	90
12223	431	52	450	71	90
12224	486	52	503	71	90
12225	324	52	342	71	90

#WALK LEFT
12212	55	13	72	32	90
12213	73	13	90	32	90
12214	20	13	35	32	90
12215	179	13	198	32	90

#RUN RIGHT
#12321	275	0	290	15	90
#12322	306	0	321	15	90

#RUN LEFT
#12311	155	0	170	15	90
#12312	125	0	140	15	90

#BRACE RIGHT & LEFT
12511	109	13	126	32	90
12521	396	52	413	71	90

#JUMP WALK RIGHT & LEFT 
12413	35	13	54	32	90
12417	467	52	486	71	90

#JUMP RUN RIGHT & LEFT 
12423	89	13	108	32	90
12427	413	52	432	71	90

# ani_id	sprite1_id	time1	sprite2_id	time2	...
[ANIMATIONS]
400	11121	100
401	11111	100

#WALKING RIGHT & LEFT 
500	11121	100	11222	100	11223	100
501	11111	100	11212	100	11213	100

#Walk right left turns to run
508	11121	55	11222	55	11223	70
509	11111	55	11212	55	11213	70

#RUNNING RIGHT & LEFT
600	11321	30	11322	30	11323	30
601	11311	30	11312	30	11313	30

#JUMP WALK
700	11417	100
701	11413	100

#JUMP RUN
800	11427	100
801	11423	100

#SIT RIGHT & LEFT 
900	11521	100
901	11511	100

#BRACE RIGHT & LEFT 
1000	11621	100
1001	11611	100

#DIE
999	13001	100

################### SMALL #################
1100	12121	100
1102	12111	100


#WALK LEFT & RIGHT 
1200	12121	100	12222	100	12223	100	12224	100
1201	12111	100	12212	100	12213	100	12214	100

#Walk right left turns to run
1208	12121	50	12222	50	12223	50	12224	50
1209	12111	50	12212	50	12213	50	12214	50

#RUN LEFT & RIGHT
1300	12222	30	12223	30	12225	30
1301	12212	30	12213	30	12215	30

#BRACE LEFT & RIGHT
1401	12511	100
1400	12521	100

#JUMP WALK
1500	12417	100
1501	12413	100

#JUMP RUN 
1601	12423	100
1600	12427	100