# list of object assets to load in this scene
[ASSETS]
mario.txt
coin.txt
#
[OBJECTS]
# type	x	y	extra_settings per object type
# type: 0 = Mario , 1 = Brick, 2 = Goomba, 3 = Koopas
# See OBJECT_TYPE constants in AssetIDs.h

#COIN
4	100	120
4	120	120
4	140	120
4	160	120
4	180	120


4	100	100
4	120	100
4	140	100
4	160	100
4	180	100


# MARIO
0	135	10

# Platform
5	8	9	16	16	8	60001	60001	60001	
5	8	25	16	16	8	60001	60001	60001	
5	8	41	16	16	8	60001	60001	60001
5	8	57	16	16	8	60001	60001	60001	
5	8	73	16	16	8	60001	60001	60001	
5	8	89	16	16	8	60001	60001	60001
5	8	105	16	16	8	60001	60001	60001
5	8	121	16	16	8	60001	60001	60001
5	8	137	16	16	8	60001	60001	60001	
5	8	153	16	16	8	60001	60001	60001
5	8	169	16	16	32	60001	60001	60001	
5	8	185	16	16	32	60001	60001	60001	


# GROUND
#6

#Pipe
#10	

# Portal 
50	350	160	216	180	5

