# list of object assets to load in this scene
[ASSETS]
mario.txt
coin.txt
cloud.txt
brick.txt
ground.txt
groundBig.txt
goomba.txt
#
[OBJECTS]
# type	x	y	extra_settings per object type
# type: 0 = Mario , 1 = Brick, 2 = Goomba, 3 = Koopas
# See OBJECT_TYPE constants in AssetIDs.h

#Tree
7	2680	-19	68500
7	85	155	66000
7	870	138	67000
7	978	146	68000
7	1940	162	69000
7	2440	132	70000
7	173	179	69500
7	189	179	69500
7 	205	179	69500
7	682	162	69500
7	698	162	69500
7	714	162	69500
7	730	162	69500
7	746	162	69500
7	1046	162	69500
7	1062	162	69500
7	1206	178	69500
7	1222	178	69500
7	1238	178	69500
7	1766	178	69500
7	1782	178	69500
7	1798	178	69500

#CLOUD
8	146	66	72000
8	308	50	71000
8	668	66	71000
8	750	98	73000
8	1205	66	71000
8	1710	66	73000
8	2360	84	71000


#COIN
4	1080	110
4	1116	78
4	1152	46
4	1188	14
4	1224	-18


4	1349	-87
4	1365	-87
4	1381	-87
4	1487	-65
4	1503	-65

4	1554	-49
4	1570	-49
4	1586	-49
4	1602	-49

4	1634	-65
4	1650	-65
4	1666	-65
4	1682	-65

4	1714	-33
4	1746	-65
4	1778	-49
4	1826	-81
4	1858	-49


#Platform
#5 	7	195	16	16	39	60001	60001	60001
#5	140	165	16	16	26	60001	60001	60001

#Box
9	303	147	46	79	1	75100	0
9	269	163	46	46	1	75000	0

9	541	131	62	111	1	75400	0
9	492	147	62	79	1	75300	0
9	556	172	93	30	1	75500	0
9	435	163	78	48	1	75200	0

9	1405	140	110	94	1	75800	0
9	1366	156	110	64	1	75700	0
9	1334	172	112	33	1	75600	0

9	1365	-23	64	32	1	75900	0

9	2226	116	46	143	1	76100	0
9	2190	163	48	48	1	76000	0	

#Ground
6	665	162	16	16	1	65500	2



6	310	195	624	16	1	60000	1
6	853	186	463	32	1	65000	1
6	1340	195	352	16	1	61000	1
6	1590	195	80	16	1	62000	1
6	1975	195	576	16	1	63000	1
6	2568	195	560	16	1	64000	1
6	1532	116	32	16	1	61500	2
6	1605	180	48	16	1	62500	2
6	1612	163	32	16	1	61500	2
6	1620	148	16	16	1	60500	2
6	1713	180	48	16	1	62500	2
6	1704	163	32	16	1	61500	2
6	1696	148	16	16	1	60500	2
6	2304	145	32	16	1	61500	2
6	2304	91	32	16	1	61500	2
6	1453	13	64	16	1	63500	2
6	1532	-6	64	16	3	63500	2

6	201	131	32	16	1	66500	2
6	249	83	32	16	1	66500	2
6	418	100	16	16	1	65500	2
6	714	130	16	16	1	65500	2

#RedPlant
12	365	163

#Pipe
10	365	163	31	48	1	77000	0
10	1835	170	32	32	1	77100	1
10	1897	163	32	48	1	77200	1
10	2304	170	29	32	1	77300	1
10	2304	-13	32	193	1	77400	1
10	2366	170	32	32	1	77500	1

#Koopa
3	602	143	510	600
#Goomba
2	300	175	-30	350
2	600	175	350	750

2	900	159	600	1065
2	700	159	600	1065

#RedGoomba
11	1150	120	650	1065

# MARIO
0	800	120

#Portal 
50	200	160	216	180	2